52
1  2  666
1  3  281
1  4  396
1  5  291
1  6  326
1  7  641
1  8  427
1  9  600
1  10  561
1  11  1041
1  12  655
1  13  975
1  14  1121
1  15  299
1  16  260
1  17  430
1  18  162
1  19  305
1  20  210
1  21  287
1  22  46
1  23  181
1  24  275
1  25  410
1  26  729
1  27  799
1  28  707
1  29  406
1  30  360
1  31  146
1  32  91
1  33  827
1  34  135
1  35  122
1  36  125
1  37  208
1  38  240
1  39  166
1  40  209
1  41  395
1  42  566
1  43  464
1  44  154
1  45  240
1  46  280
1  47  791
1  48  267
1  49  64
1  50  217
1  51  789
1  52  1220
2  3  649
2  4  1047
2  5  945
2  6  978
2  7  45
2  8  956
2  9  1135
2  10  1133
2  11  1639
2  12  1259
2  13  1440
2  14  1516
2  15  958
2  16  724
2  17  495
2  18  595
2  19  843
2  20  564
2  21  392
2  22  636
2  23  510
2  24  922
2  25  1029
2  26  1192
2  27  1302
2  28  1244
2  29  635
2  30  390
2  31  541
2  32  730
2  33  1489
2  34  782
2  35  777
2  36  785
2  37  858
2  38  897
2  39  828
2  40  870
2  41  896
2  42  103
2  43  1124
2  44  745
2  45  823
2  46  859
2  47  1151
2  48  910
2  49  728
2  50  596
2  51  1422
2  52  1716
3  4  604
3  5  509
3  6  543
3  7  611
3  8  308
3  9  486
3  10  487
3  11  1267
3  12  891
3  13  1248
3  14  1400
3  15  505
3  16  537
3  17  217
3  18  135
3  19  207
3  20  441
3  21  289
3  22  241
3  23  361
3  24  506
3  25  653
3  26  1006
3  27  1068
3  28  970
3  29  651
3  30  504
3  31  209
3  32  245
3  33  903
3  34  394
3  35  374
3  36  368
3  37  447
3  38  462
3  39  392
3  40  427
3  41  247
3  42  550
3  43  557
3  44  434
3  45  220
3  46  553
3  47  1072
3  48  505
3  49  288
3  50  463
3  51  995
3  52  1484
4  5  104
4  6  70
4  7  1026
4  8  525
4  9  611
4  10  534
4  11  663
4  12  294
4  13  711
4  14  897
4  15  100
4  16  384
4  17  800
4  18  532
4  19  475
4  20  501
4  21  681
4  22  437
4  23  538
4  24  125
4  25  109
4  26  516
4  27  527
4  28  417
4  29  580
4  30  690
4  31  541
4  32  371
4  33  517
4  34  267
4  35  275
4  36  271
4  37  190
4  38  155
4  39  230
4  40  188
4  41  545
4  42  950
4  43  245
4  44  307
4  45  411
4  46  231
4  47  660
4  48  137
4  49  345
4  50  478
4  51  397
4  52  909
5  6  35
5  7  924
5  8  471
5  9  584
5  10  513
5  11  761
5  12  382
5  13  769
5  14  944
5  15  25
5  16  309
5  17  700
5  18  430
5  19  401
5  20  407
5  21  577
5  22  332
5  23  437
5  24  32
5  25  150
5  26  552
5  27  584
5  28  479
5  29  510
5  30  594
5  31  437
5  32  270
5  33  590
5  34  163
5  35  171
5  36  166
5  37  87
5  38  51
5  39  127
5  40  85
5  41  480
5  42  848
5  43  267
5  44  212
5  45  331
5  46  171
5  47  674
5  48  47
5  49  242
5  50  387
5  51  500
5  52  984
6  7  957
6  8  492
6  9  596
6  10  523
6  11  726
6  12  349
6  13  744
6  14  923
6  15  40
6  16  329
6  17  735
6  18  466
6  19  428
6  20  435
6  21  612
6  22  368
6  23  469
6  24  57
6  25  124
6  26  533
6  27  559
6  28  452
6  29  528
6  30  624
6  31  472
6  32  305
6  33  568
6  34  197
6  35  206
6  36  201
6  37  121
6  38  86
6  39  162
6  40  120
6  41  504
6  42  881
6  43  260
6  44  241
6  45  360
6  46  182
6  47  662
6  48  71
6  49  277
6  50  414
6  51  465
6  52  955
7  8  918
7  9  1096
7  10  1096
7  11  1627
7  12  1245
7  13  1440
7  14  1522
7  15  935
7  16  714
7  17  451
7  18  562
7  19  807
7  20  552
7  21  362
7  22  609
7  23  491
7  24  901
7  25  1012
7  26  1190
7  27  1298
7  28  1237
7  29  637
7  30  386
7  31  512
7  32  701
7  33  1460
7  34  760
7  35  754
7  36  762
7  37  836
7  38  875
7  39  804
7  40  847
7  41  858
7  42  76
7  43  1095
7  44  727
7  45  789
7  46  844
7  47  1157
7  48  890
7  49  702
7  50  585
7  51  1405
7  52  1715
8  9  183
8  10  180
8  11  1145
8  12  812
8  13  1234
8  14  1414
8  15  453
8  16  661
8  17  507
8  18  381
8  19  126
8  20  636
8  21  580
8  22  415
8  23  587
8  24  487
8  25  616
8  26  1023
8  27  1049
8  28  941
8  29  831
8  30  759
8  31  457
8  32  339
8  33  645
8  34  455
8  35  435
8  36  422
8  37  461
8  38  446
8  39  414
8  40  422
8  41  64
8  42  856
8  43  359
8  44  530
8  45  187
8  46  599
8  47  1136
8  48  495
8  49  383
8  50  644
8  51  860
8  52  1430
9  10  83
9  11  1166
9  12  874
9  13  1317
9  14  1507
9  15  561
9  16  818
9  17  670
9  18  565
9  19  308
9  20  810
9  21  763
9  22  593
9  23  767
9  24  606
9  25  714
9  26  1126
9  27  1135
9  28  1024
9  29  998
9  30  940
9  31  640
9  32  510
9  33  570
9  34  607
9  35  589
9  36  575
9  37  596
9  38  572
9  39  558
9  40  555
9  41  239
9  42  1036
9  43  390
9  44  686
9  45  361
9  46  734
9  47  1257
9  48  618
9  49  551
9  50  815
9  51  883
9  52  1487
10  11  1083
10  12  792
10  13  1237
10  14  1428
10  15  490
10  16  764
10  17  686
10  18  548
10  19  291
10  20  770
10  21  751
10  22  560
10  23  735
10  24  538
10  25  639
10  26  1050
10  27  1055
10  28  945
10  29  950
10  30  912
10  31  619
10  32  471
10  33  501
10  34  552
10  35  536
10  36  521
10  37  534
10  38  506
10  39  500
10  40  492
10  41  244
10  42  1032
10  43  308
10  44  632
10  45  329
10  46  670
10  47  1185
10  48  550
10  49  507
10  50  772
10  51  800
10  52  1404
11  12  387
11  13  443
11  14  620
11  15  762
11  16  915
11  17  1461
11  18  1190
11  19  1124
11  20  1076
11  21  1314
11  22  1086
11  23  1144
11  24  770
11  25  631
11  26  541
11  27  417
11  28  418
11  29  1042
11  30  1251
11  31  1187
11  32  1031
11  33  706
11  34  906
11  35  920
11  36  920
11  37  835
11  38  810
11  39  885
11  40  846
11  41  1180
11  42  1552
11  43  789
11  44  913
11  45  1068
11  46  787
11  47  705
11  48  775
11  49  1000
11  50  1043
11  51  285
11  52  399
12  13  452
12  14  653
12  15  388
12  16  538
12  17  1078
12  18  807
12  19  769
12  20  694
12  21  927
12  22  700
12  23  758
12  24  388
12  25  245
12  26  335
12  27  283
12  28  182
12  29  688
12  30  875
12  31  800
12  32  651
12  33  584
12  34  520
12  35  535
12  36  536
12  37  451
12  38  430
12  39  503
12  40  465
12  41  836
12  42  1170
12  43  484
12  44  526
12  45  705
12  46  401
12  47  517
12  48  391
12  49  617
12  50  663
12  51  188
12  52  619
13  14  206
13  15  784
13  16  759
13  17  1400
13  18  1137
13  19  1169
13  20  920
13  21  1195
13  22  1020
13  23  1008
13  24  760
13  25  620
13  26  254
13  27  185
13  28  294
13  29  805
13  30  1056
13  31  1104
13  32  1004
13  33  1010
13  34  854
13  35  874
13  36  881
13  37  807
13  38  804
13  39  863
13  40  836
13  41  1248
13  42  1371
13  43  931
13  44  822
13  45  1098
13  46  696
13  47  324
13  48  756
13  49  959
13  50  885
13  51  540
13  52  279
14  15  962
14  16  884
14  17  1534
14  18  1281
14  19  1341
14  20  1035
14  21  1313
14  22  1165
14  23  1127
14  24  931
14  25  799
14  26  396
14  27  374
14  28  484
14  29  887
14  30  1146
14  31  1239
14  32  1161
14  33  1216
14  34  1010
14  35  1031
14  36  1039
14  37  971
14  38  975
14  39  1026
14  40  1004
14  41  1423
14  42  1457
14  43  1125
14  44  966
14  45  1268
14  46  849
14  47  365
14  48  925
14  49  1114
14  50  1000
14  51  745
14  52  319
15  16  332
15  17  700
15  18  432
15  19  388
15  20  425
15  21  586
15  22  339
15  23  451
15  24  56
15  25  164
15  26  571
15  27  599
15  28  492
15  29  533
15  30  612
15  31  443
15  32  270
15  33  569
15  34  176
15  35  181
15  36  175
15  37  103
15  38  61
15  39  133
15  40  90
15  41  464
15  42  860
15  43  242
15  44  231
15  45  320
15  46  196
15  47  696
15  48  72
15  49  246
15  50  406
15  51  497
15  52  995
16  17  651
16  18  408
16  19  549
16  20  165
16  21  435
16  22  297
16  23  249
16  24  278
16  25  326
16  26  506
16  27  598
16  28  526
16  29  201
16  30  337
16  31  357
16  32  331
16  33  897
16  34  211
16  35  229
16  36  243
16  37  244
16  38  284
16  39  265
16  40  282
16  41  641
16  42  640
16  43  570
16  44  132
16  45  476
16  46  156
16  47  539
16  48  262
16  49  282
16  50  130
16  51  710
16  52  1023
17  18  272
17  19  421
17  20  512
17  21  253
17  22  383
17  23  418
17  24  691
17  25  834
17  26  1149
17  27  1226
17  28  1136
17  29  707
17  30  492
17  31  296
17  32  430
17  33  1120
17  34  561
17  35  545
17  36  543
17  37  627
17  38  650
17  39  576
17  40  615
17  41  443
17  42  408
17  43  773
17  44  579
17  45  437
17  46  708
17  47  1188
17  48  687
17  49  462
17  50  544
17  51  1197
17  52  1649
18  19  258
18  20  306
18  21  205
18  22  116
18  23  229
18  24  420
18  25  563
18  26  890
18  27  960
18  28  867
18  29  517
18  30  385
18  31  80
18  32  163
18  33  903
18  34  290
18  35  273
18  36  271
18  37  356
18  38  380
18  39  305
18  40  345
18  41  330
18  42  493
18  43  541
18  44  315
18  45  228
18  46  441
18  47  946
18  48  416
18  49  190
18  50  329
18  51  929
18  52  1381
19  20  512
19  21  461
19  22  290
19  23  461
19  24  410
19  25  551
19  26  945
19  27  985
19  28  879
19  29  711
19  30  633
19  31  332
19  32  220
19  33  701
19  34  351
19  35  330
19  36  318
19  37  371
19  38  366
19  39  319
19  40  336
19  41  92
19  42  742
19  43  368
19  44  420
19  45  75
19  46  504
19  47  1045
19  48  415
19  49  267
19  50  522
19  51  843
19  52  1382
20  21  279
20  22  224
20  23  94
20  24  378
20  25  467
20  26  666
20  27  762
20  28  691
20  29  210
20  30  189
20  31  236
20  32  300
20  33  990
20  34  257
20  35  262
20  36  275
20  37  323
20  38  366
20  39  314
20  40  348
20  41  601
20  42  477
20  43  638
20  44  194
20  45  450
20  46  295
20  47  680
20  48  365
20  49  264
20  50  35
20  51  859
20  52  1186
21  22  251
21  23  187
21  24  558
21  25  685
21  26  941
21  27  1031
21  28  952
21  29  459
21  30  242
21  31  150
21  32  340
21  33  1098
21  34  416
21  35  406
21  36  411
21  37  492
21  38  527
21  39  453
21  40  496
21  41  525
21  42  290
21  43  733
21  44  402
21  45  433
21  46  530
21  47  958
21  48  549
21  49  344
21  50  313
21  51  1072
21  52  1457
22  23  175
22  24  318
22  25  455
22  26  774
22  27  844
22  28  753
22  29  429
22  30  353
22  31  104
22  32  97
22  33  853
22  34  180
22  35  165
22  36  167
22  37  251
22  38  281
22  39  206
22  40  249
22  41  378
22  42  535
22  43  488
22  44  199
22  45  233
22  46  326
22  47  832
22  48  311
22  49  94
22  50  237
22  51  832
22  52  1266
23  24  412
23  25  522
23  26  754
23  27  846
23  28  770
23  29  296
23  30  179
23  31  152
23  32  267
23  33  1002
23  34  275
23  35  273
23  36  283
23  37  349
23  38  390
23  39  326
23  40  366
23  41  545
23  42  415
23  43  641
23  44  236
23  45  407
23  46  357
23  47  774
23  48  401
23  49  244
23  50  127
23  51  914
23  52  1271
24  25  147
24  26  537
24  27  576
24  28  472
24  29  478
24  30  567
24  31  421
24  32  263
24  33  621
24  34  142
24  35  153
24  36  151
24  37  67
24  38  45
24  39  115
24  40  79
24  41  492
24  42  825
24  43  298
24  44  184
24  45  338
24  46  140
24  47  653
24  48  16
24  49  230
24  50  358
24  51  515
24  52  982
25  26  412
25  27  435
25  28  329
25  29  509
25  30  654
25  31  556
25  32  409
25  33  606
25  34  275
25  35  290
25  36  292
25  37  207
25  38  191
25  39  261
25  40  226
25  41  628
25  42  936
25  43  354
25  44  286
25  45  481
25  46  173
25  47  551
25  48  148
25  49  373
25  50  439
25  51  393
25  52  835
26  27  126
26  28  159
26  29  559
26  30  805
26  31  853
26  32  766
26  33  917
26  34  614
26  35  635
26  36  644
26  37  576
26  38  580
26  39  630
26  40  609
26  41  1029
26  42  1120
26  43  756
26  44  575
26  45  872
26  46  454
26  47  186
26  48  531
26  49  719
26  50  631
26  51  496
26  52  525
27  28  110
27  29  674
27  30  912
27  31  931
27  32  823
27  33  862
27  34  674
27  35  694
27  36  700
27  37  624
27  38  620
27  39  680
27  40  653
27  41  1063
27  42  1226
27  43  751
27  44  647
27  45  914
27  46  519
27  47  292
27  48  572
27  49  779
27  50  726
27  51  410
27  52  426
28  29  630
28  30  853
28  31  844
28  32  725
28  33  767
28  34  579
28  35  598
28  36  603
28  37  524
28  38  517
28  39  580
28  40  550
28  41  956
28  42  1163
28  43  641
28  44  559
28  45  809
28  46  429
28  47  344
28  48  470
28  49  683
28  50  656
28  51  337
28  52  514
29  30  260
29  31  445
29  32  492
29  33  1096
29  34  402
29  35  416
29  36  431
29  37  444
29  38  484
29  39  459
29  40  481
29  41  802
29  42  571
29  43  771
29  44  322
29  45  644
29  46  349
29  47  523
29  48  462
29  49  448
29  50  191
29  51  871
29  52  1082
30  31  305
30  32  447
30  33  1173
30  34  439
30  35  441
30  36  453
30  37  509
30  38  552
30  39  494
30  40  532
30  41  713
30  42  315
30  43  816
30  44  383
30  45  583
30  46  481
30  47  782
30  48  553
30  49  423
30  50  215
30  51  1044
30  52  1330
31  32  190
31  33  948
31  34  281
31  35  268
31  36  271
31  37  354
31  38  386
31  39  310
31  40  353
31  41  409
31  42  439
31  43  583
31  44  285
31  45  293
31  46  416
31  47  896
31  48  414
31  49  198
31  50  262
31  51  936
31  52  1356
32  33  759
32  34  151
32  35  130
32  36  123
32  37  203
32  38  221
32  39  148
32  40  186
32  41  311
32  42  628
32  43  394
32  44  207
32  45  151
32  46  312
32  47  845
32  48  261
32  49  50
32  50  306
32  51  767
32  52  1238
33  34  734
33  35  732
33  36  720
33  37  669
33  38  625
33  39  679
33  40  642
33  41  704
33  42  1387
33  43  365
33  44  799
33  45  688
33  46  747
33  47  1095
33  48  636
33  49  764
33  50  974
33  51  475
33  52  1089
34  35  21
34  36  34
34  37  76
34  38  115
34  39  59
34  40  92
34  41  442
34  42  684
34  43  382
34  44  80
34  45  276
34  46  161
34  47  697
34  48  133
34  49  105
34  50  244
34  51  656
34  52  1093
35  36  15
35  37  86
35  38  121
35  39  53
35  40  93
35  41  421
35  42  678
35  43  376
35  44  96
35  45  256
35  46  182
35  47  718
35  48  146
35  49  85
35  50  252
35  51  668
35  52  1112
36  37  85
36  38  115
36  39  43
36  40  85
36  41  408
36  42  686
36  43  364
36  44  111
36  45  243
36  46  191
36  47  730
36  48  145
36  49  81
36  50  266
36  51  665
36  52  1116
37  38  43
37  39  56
37  40  41
37  41  458
37  42  760
37  43  327
37  44  130
37  45  297
37  46  139
37  47  676
37  48  60
37  49  166
37  50  305
37  51  581
37  52  1036
38  39  76
38  40  35
38  41  449
38  42  799
38  43  286
38  44  173
38  45  294
38  46  164
38  47  691
38  48  49
38  49  191
38  50  348
38  51  551
38  52  1026
39  40  43
39  41  407
39  42  729
39  43  324
39  44  136
39  45  244
39  46  186
39  47  726
39  48  113
39  49  115
39  50  302
39  51  626
39  52  1092
40  41  421
40  42  771
40  43  293
40  44  162
40  45  263
40  46  179
40  47  714
40  48  81
40  49  157
40  50  334
40  51  585
40  52  1060
41  42  796
41  43  402
41  44  512
41  45  166
41  46  593
41  47  1133
41  48  499
41  49  359
41  50  612
41  51  896
41  52  1453
42  43  1022
42  44  651
42  45  721
42  46  769
42  47  1093
42  48  814
42  49  627
42  50  510
42  51  1329
42  52  1645
43  44  455
43  45  337
43  46  437
43  47  904
43  48  313
43  49  400
43  50  626
43  51  504
43  52  1097
44  45  347
44  46  131
44  47  640
44  48  170
44  49  157
44  50  175
44  51  678
44  52  1071
45  46  430
45  47  970
45  48  343
45  49  196
45  50  457
45  51  790
45  52  1315
46  47  540
46  48  125
46  49  265
46  50  266
46  51  564
46  52  941
47  48  642
47  49  796
47  50  646
47  51  682
47  52  598
48  49  225
48  50  343
48  51  523
48  52  980
49  50  265
49  51  742
49  52  1197
50  51  830
50  52  1151
51  52  625
