14
1 2 153
1 3 510
1 4 706
1 5 966
1 6 581
1 7 455
1 8 70
1 9 160
1 10 372
1 11 157
1 12 567
1 13 342
1 14 398
2 3 422
2 4 664
2 5 997
2 6 598
2 7 507
2 8 197
2 9 311
2 10 479
2 11 310
2 12 581
2 13 417
2 14 376
3 4 289
3 5 744
3 6 390
3 7 437
3 8 491
3 9 645
3 10 880
3 11 618
3 12 374
3 13 455
3 14 211
4 5 491
4 6 265
4 7 410
4 8 664
4 9 804
4 10 1070
4 11 768
4 12 259
4 13 499
4 14 310
5 6 400
5 7 514
5 8 902
5 9 990
5 10 1261
5 11 947
5 12 418
5 13 635
5 14 636
6 7 168
6 8 522
6 9 634
6 10 910
6 11 593
6 12 19
6 13 284
6 14 239
7 8 389
7 9 482
7 10 757
7 11 439
7 12 163
7 13 124
7 14 232
8 9 154
8 10 406
8 11 133
8 12 508
8 13 273
8 14 355
9 10 276
9 11 43
9 12 623
9 13 358
9 14 498
10 11 318
10 12 898
10 13 633
10 14 761
11 12 582
11 13 315
11 14 464
12 13 275
12 14 221
13 14 247
