16
1 2 509
1 3 501
1 4 312
1 5 1019
1 6 736
1 7 656
1 8 60
1 9 1039
1 10 726
1 11 2314
1 12 479
1 13 448
1 14 479
1 15 619
1 16 150
2 3 126
2 4 474
2 5 1526
2 6 1226
2 7 1133
2 8 532
2 9 1449
2 10 1122
2 11 2789
2 12 958
2 13 941
2 14 978
2 15 1127
2 16 542
3 4 541
3 5 1516
3 6 1184
3 7 1084
3 8 536
3 9 1371
3 10 1045
3 11 2728
3 12 913
3 13 904
3 14 946
3 15 1115
3 16 499
4 5 1157
4 6 980
4 7 919
4 8 271
4 9 1333
4 10 1029
4 11 2553
4 12 751
4 13 704
4 14 720
4 15 783
4 16 455
5 6 478
5 7 583
5 8 996
5 9 858
5 10 855
5 11 1504
5 12 677
5 13 651
5 14 600
5 15 401
5 16 1033
6 7 115
6 8 740
6 9 470
6 10 379
6 11 1581
6 12 271
6 13 289
6 14 261
6 15 308
6 16 687
7 8 667
7 9 455
7 10 288
7 11 1661
7 12 177
7 13 216
7 14 207
7 15 343
7 16 592
8 9 1066
8 10 759
8 11 2320
8 12 493
8 13 454
8 14 479
8 15 598
8 16 206
9 10 328
9 11 1387
9 12 591
9 13 650
9 14 656
9 15 776
9 16 933
10 11 1697
10 12 333
10 13 400
10 14 427
10 15 622
10 16 610
11 12 1838
11 13 1868
11 14 1841
11 15 1789
11 16 2248
12 13 68
12 14 105
12 15 336
12 16 417
13 14 52
13 15 287
13 16 406
14 15 237
14 16 449
15 16 636
