96
1 2 1690
1 3 2083
1 4 2440
1 5 2632
1 6 2709
1 7 2834
1 8 2922
1 9 3243
1 10 3583
1 11 3177
1 12 3825
1 13 4127
1 14 4075
1 15 4207
1 16 4803
1 17 5706
1 18 5934
1 19 5948
1 20 5823
1 21 5969
1 22 6448
1 23 6002
1 24 5793
1 25 5264
1 26 6681
1 27 6803
1 28 7208
1 29 882
1 30 656
1 31 759
1 32 925
1 33 2205
1 34 1697
1 35 1624
1 36 1224
1 37 1328
1 38 1691
1 39 2386
1 40 2565
1 41 2754
1 42 2875
1 43 3006
1 44 2396
1 45 2770
1 46 3479
1 47 3984
1 48 4182
1 49 3088
1 50 3512
1 51 3703
1 52 3753
1 53 4032
1 54 4758
1 55 3971
1 56 4783
1 57 4786
1 58 4885
1 59 5573
1 60 5592
1 61 6175
1 62 6193
1 63 6361
1 64 6881
1 65 7688
1 66 7278
1 67 7304
1 68 7338
1 69 4840
1 70 5314
1 71 6353
1 72 6483
1 73 6624
1 74 6911
1 75 7010
1 76 7286
1 77 7469
1 78 7590
1 79 3956
1 80 5922
1 81 5914
1 82 6084
1 83 6237
1 84 6950
1 85 7200
1 86 7217
1 87 7250
1 88 7680
1 89 7636
1 90 7533
1 91 7018
1 92 8461
1 93 8646
1 94 8575
1 95 9682
1 96 8972
2 3 525
2 4 816
2 5 969
2 6 1049
2 7 1198
2 8 1250
2 9 1624
2 10 1980
2 11 2174
2 12 2262
2 13 2581
2 14 2585
2 15 2785
2 16 3430
2 17 4366
2 18 4592
2 19 4638
2 20 4513
2 21 4818
2 22 5401
2 23 5110
2 24 5000
2 25 4509
2 26 5744
2 27 6050
2 28 6339
2 29 1115
2 30 1511
2 31 1635
2 32 1810
2 33 1791
2 34 1884
2 35 2073
2 36 2077
2 37 2194
2 38 2476
2 39 2807
2 40 2794
2 41 2980
2 42 3010
2 43 3066
2 44 2270
2 45 2436
2 46 3065
2 47 3479
2 48 3630
2 49 3121
2 50 3408
2 51 3889
2 52 3731
2 53 3926
2 54 4462
2 55 4067
2 56 4879
2 57 4883
2 58 4756
2 59 5550
2 60 5303
2 61 5936
2 62 5897
2 63 5955
2 64 6458
2 65 7060
2 66 6894
2 67 6988
2 68 7038
2 69 5135
2 70 5654
2 71 6397
2 72 6545
2 73 6755
2 74 7160
2 75 7154
2 76 7304
2 77 7597
2 78 7911
2 79 5015
2 80 7282
2 81 6532
2 82 6634
2 83 6915
2 84 7364
2 85 7595
2 86 7626
2 87 7761
2 88 8123
2 89 8198
2 90 8153
2 91 7768
2 92 8542
2 93 8558
2 94 8286
2 95 9502
2 96 8405
3 4 847
3 5 876
3 6 948
3 7 1123
3 8 1085
3 9 1528
3 10 1880
3 11 2450
3 12 2192
3 13 2513
3 14 2566
3 15 2807
3 16 3459
3 17 4389
3 18 4608
3 19 4671
3 20 4549
3 21 4925
3 22 5541
3 23 5315
3 24 5242
3 25 4773
3 26 5921
3 27 6285
3 28 6530
3 29 1621
3 30 2001
3 31 2134
3 32 2318
3 33 2252
3 34 2403
3 35 2597
3 36 2595
3 37 2713
3 38 3000
3 39 3322
3 40 3296
3 41 3478
3 42 3498
3 43 3545
3 44 2749
3 45 2875
3 46 3463
3 47 3842
3 48 3977
3 49 3594
3 50 3854
3 51 4368
3 52 4183
3 53 4360
3 54 4848
3 55 4530
3 56 5331
3 57 5335
3 58 5171
3 59 5974
3 60 5676
3 61 6310
3 62 6259
3 63 6290
3 64 6781
3 65 7318
3 66 7222
3 67 7330
3 68 7384
3 69 5613
3 70 6132
3 71 6822
3 72 6972
3 73 7193
3 74 7613
3 75 7590
3 76 7716
3 77 8026
3 78 8370
3 79 5539
3 80 7794
3 81 7035
3 82 7130
3 83 7421
3 84 7839
3 85 8067
3 86 8100
3 87 8247
3 88 8598
3 89 8688
3 90 8650
3 91 8278
3 92 8955
3 93 8935
3 94 8620
3 95 9849
3 96 8664
4 5 228
4 6 289
4 7 395
4 8 509
4 9 814
4 10 1167
4 11 1648
4 12 1447
4 13 1767
4 14 1780
4 15 1996
4 16 2647
4 17 3583
4 18 3806
4 19 3860
4 20 3736
4 21 4087
4 22 4698
4 23 4471
4 24 4405
4 25 3945
4 26 5075
4 27 5444
4 28 5684
4 29 1706
4 30 2119
4 31 2207
4 32 2336
4 33 1730
4 34 2114
4 35 2370
4 36 2532
4 37 2633
4 38 2836
4 39 2959
4 40 2857
4 41 3015
4 42 2997
4 43 3010
4 44 2246
4 45 2267
4 46 2765
4 47 3093
4 48 3210
4 49 3045
4 50 3232
4 51 3815
4 52 3567
4 53 3705
4 54 4114
4 55 3935
4 56 4698
4 57 4702
4 58 4473
4 59 5281
4 60 4920
4 61 5552
4 62 5489
4 63 5497
4 64 5978
4 65 6482
4 66 6420
4 67 6539
4 68 6596
4 69 5038
4 70 5554
4 71 6127
4 72 6279
4 73 6515
4 74 6963
4 75 6907
4 76 6996
4 77 7330
4 78 7727
4 79 5303
4 80 7683
4 81 6537
4 82 6601
4 83 6938
4 84 7240
4 85 7456
4 86 7493
4 87 7675
4 88 7993
4 89 8125
4 90 8112
4 91 7804
4 92 8230
4 93 8170
4 94 7819
4 95 9055
4 96 7828
5 6 81
5 7 249
5 8 293
5 9 670
5 10 1028
5 11 1749
5 12 1329
5 13 1651
5 14 1692
5 15 1932
5 16 2583
5 17 3514
5 18 3733
5 19 3796
5 20 3673
5 21 4059
5 22 4685
5 23 4492
5 24 4446
5 25 4002
5 26 5078
5 27 5477
5 28 5693
5 29 1922
5 30 2335
5 31 2427
5 32 2560
5 33 1935
5 34 2339
5 35 2597
5 36 2760
5 37 2860
5 38 3063
5 39 3176
5 40 3066
5 41 3220
5 42 3196
5 43 3203
5 44 2449
5 45 2447
5 46 2912
5 47 3215
5 48 3321
5 49 3234
5 50 3402
5 51 4000
5 52 3737
5 53 3863
5 54 4240
5 55 4109
5 56 4859
5 57 4863
5 58 4612
5 59 5421
5 60 5032
5 61 5661
5 62 5591
5 63 5584
5 64 6056
5 65 6523
5 66 6498
5 67 6625
5 68 6683
5 69 5214
5 70 5728
5 71 6264
5 72 6416
5 73 6658
5 74 7115
5 75 7047
5 76 7120
5 77 7464
5 78 7879
5 79 5526
5 80 7910
5 81 6726
5 82 6784
5 83 7129
5 84 7406
5 85 7618
5 86 7656
5 87 7846
5 88 8155
5 89 8299
5 90 8291
5 91 7996
5 92 8350
5 93 8270
5 94 7896
5 95 9136
5 96 7864
6 7 176
6 8 221
6 9 591
6 10 949
6 11 1726
6 12 1252
6 13 1574
6 14 1619
6 15 1862
6 16 2513
6 17 3443
6 18 3661
6 19 3725
6 20 3602
6 21 3995
6 22 4624
6 23 4440
6 24 4399
6 25 3960
6 26 5021
6 27 5427
6 28 5637
6 29 1992
6 30 2405
6 31 2495
6 32 2624
6 33 1960
6 34 2384
6 35 2645
6 36 2819
6 37 2918
6 38 3114
6 39 3211
6 40 3093
6 41 3244
6 42 3216
6 43 3219
6 44 2472
6 45 2457
6 46 2906
6 47 3198
6 48 3299
6 49 3248
6 50 3406
6 51 4011
6 52 3741
6 53 3860
6 54 4222
6 55 4114
6 56 4857
6 57 4861
6 58 4601
6 59 5409
6 60 5009
6 61 5636
6 62 5564
6 63 5551
6 64 6020
6 65 6476
6 66 6462
6 67 6592
6 68 6651
6 69 5219
6 70 5732
6 71 6250
6 72 6402
6 73 6646
6 74 7107
6 75 7035
6 76 7101
6 77 7449
6 78 7872
6 79 5566
6 80 7958
6 81 6739
6 82 6793
6 83 7143
6 84 7405
6 85 7615
6 86 7654
6 87 7848
6 88 8153
6 89 8302
6 90 8297
6 91 8010
6 92 8329
6 93 8241
6 94 7859
6 95 9099
6 96 7815
7 8 205
7 9 428
7 10 786
7 11 1606
7 12 1082
7 13 1404
7 14 1444
7 15 1687
7 16 2338
7 17 3267
7 18 3486
7 19 3550
7 20 3427
7 21 3822
7 22 4452
7 23 4275
7 24 4241
7 25 3808
7 26 4852
7 27 5265
7 28 5469
7 29 2089
7 30 2500
7 31 2582
7 32 2701
7 33 1938
7 34 2406
7 35 2676
7 36 2878
7 37 2973
7 38 3151
7 39 3204
7 40 3070
7 41 3214
7 42 3176
7 43 3170
7 44 2443
7 45 2399
7 46 2812
7 47 3083
7 48 3177
7 49 3195
7 50 3331
7 51 3950
7 52 3665
7 53 3772
7 54 4107
7 55 4041
7 56 4769
7 57 4774
7 58 4495
7 59 5302
7 60 4883
7 61 5508
7 62 5432
7 63 5411
7 64 5875
7 65 6316
7 66 6317
7 67 6451
7 68 6510
7 69 5146
7 70 5656
7 71 6140
7 72 6292
7 73 6540
7 74 7007
7 75 6926
7 76 6981
7 77 7336
7 78 7772
7 79 5571
7 80 7980
7 81 6679
7 82 6725
7 83 7085
7 84 7318
7 85 7524
7 86 7565
7 87 7767
7 88 8062
7 89 8221
7 90 8223
7 91 7952
7 92 8206
7 93 8105
7 94 7712
7 95 8953
7 96 7654
8 9 455
8 10 797
8 11 1798
8 12 1114
8 13 1433
8 14 1505
8 15 1767
8 16 2412
8 17 3331
8 18 3545
8 19 3616
8 20 3495
8 21 3919
8 22 4559
8 23 4409
8 24 4388
8 25 3967
8 26 4972
8 27 5404
8 28 5591
8 29 2212
8 30 2626
8 31 2716
8 32 2844
8 33 2137
8 34 2588
8 35 2853
8 36 3036
8 37 3134
8 38 3325
8 39 3399
8 40 3270
8 41 3415
8 42 3379
8 43 3374
8 44 2644
8 45 2603
8 46 3013
8 47 3276
8 48 3365
8 49 3399
8 50 3535
8 51 4155
8 52 3869
8 53 3974
8 54 4299
8 55 4246
8 56 4971
8 57 4975
8 58 4691
8 59 5497
8 60 5068
8 61 5691
8 62 5611
8 63 5582
8 64 6041
8 65 6458
8 66 6482
8 67 6621
8 68 6681
8 69 5350
8 70 5859
8 71 6334
8 72 6486
8 73 6735
8 74 7205
8 75 7120
8 76 7169
8 77 7527
8 78 7970
8 79 5762
8 80 8163
8 81 6884
8 82 6930
8 83 7290
8 84 7520
8 85 7725
8 86 7765
8 87 7970
8 88 8262
8 89 8424
8 90 8426
8 91 8157
8 92 8391
8 93 8281
8 94 7875
8 95 9117
8 96 7792
9 10 359
9 11 1545
9 12 664
9 13 986
9 14 1050
9 15 1315
9 16 1958
9 17 2876
9 18 3091
9 19 3161
9 20 3041
9 21 3471
9 22 4115
9 23 3987
9 24 3984
9 25 3583
9 26 4536
9 27 4987
9 28 5156
9 29 2470
9 30 2876
9 31 2947
9 32 3050
9 33 2122
9 34 2671
9 35 2951
9 36 3201
9 37 3287
9 38 3433
9 39 3402
9 40 3234
9 41 3359
9 42 3300
9 43 3273
9 44 2601
9 45 2488
9 46 2799
9 47 3002
9 48 3069
9 49 3286
9 50 3364
9 51 4014
9 52 3691
9 53 3763
9 54 4014
9 55 4072
9 56 4754
9 57 4759
9 58 4430
9 59 5227
9 60 4750
9 61 5363
9 62 5274
9 63 5223
9 64 5667
9 65 6044
9 66 6107
9 67 6255
9 68 6317
9 69 5168
9 70 5667
9 71 6051
9 72 6202
9 73 6461
9 74 6946
9 75 6838
9 76 6858
9 77 7232
9 78 7708
9 79 5776
9 80 8214
9 81 6729
9 82 6755
9 83 7139
9 84 7292
9 85 7487
9 86 7530
9 87 7755
9 88 8023
9 89 8211
9 90 8229
9 91 8003
9 92 8067
9 93 7926
9 94 7492
9 95 8734
9 96 7371
10 11 1560
10 12 323
10 13 636
10 14 734
10 15 1022
10 16 1644
10 17 2546
10 18 2757
10 19 2833
10 20 2715
10 21 3176
10 22 3830
10 23 3745
10 24 3771
10 25 3400
10 26 4267
10 27 4750
10 28 4888
10 29 2791
10 30 3192
10 31 3253
10 32 3344
10 33 2308
10 34 2905
10 35 3191
10 36 3475
10 37 3554
10 38 3674
10 39 3577
10 40 3384
10 41 3493
10 42 3418
10 43 3374
10 44 2757
10 45 2592
10 46 2813
10 47 2955
10 48 2997
10 49 3378
10 50 3407
10 51 4076
10 52 3724
10 53 3766
10 54 3943
10 55 4106
10 56 4744
10 57 4748
10 58 4379
10 59 5162
10 60 4639
10 61 5239
10 62 5139
10 63 5062
10 64 5488
10 65 5809
10 66 5924
10 67 6083
10 68 6147
10 69 5185
10 70 5672
10 71 5970
10 72 6120
10 73 6387
10 74 6884
10 75 6755
10 76 6745
10 77 7133
10 78 7641
10 79 5943
10 80 8396
10 81 6762
10 82 6770
10 83 7174
10 84 7259
10 85 7443
10 86 7489
10 87 7731
10 88 7976
10 89 8188
10 90 8219
10 91 8030
10 92 7936
10 93 7762
10 94 7296
10 95 8535
10 96 7123
11 12 1500
11 13 1608
11 14 1410
11 15 1342
11 16 1762
11 17 2581
11 18 2805
11 19 2800
11 20 2679
11 21 2794
11 22 3307
11 23 2951
11 24 2827
11 25 2337
11 26 3603
11 27 3877
11 28 4183
11 29 2298
11 30 2582
11 31 2565
11 32 2553
11 33 1125
11 34 1831
11 35 2105
11 36 2535
11 37 2568
11 38 2546
11 39 2213
11 40 1962
11 41 2031
11 42 1926
11 43 1858
11 44 1392
11 45 1108
11 46 1258
11 47 1478
11 48 1573
11 49 1849
11 50 1847
11 51 2520
11 52 2165
11 53 2220
11 54 2501
11 55 2547
11 56 3210
11 57 3214
11 58 2897
11 59 3701
11 60 3284
11 61 3912
11 62 3844
11 63 3850
11 64 4335
11 65 4888
11 66 4776
11 67 4892
11 68 4948
11 69 3632
11 70 4126
11 71 4536
11 72 4688
11 73 4939
11 74 5413
11 75 5322
11 76 5376
11 77 5730
11 78 6178
11 79 4498
11 80 6961
11 81 5205
11 82 5219
11 83 5616
11 84 5749
11 85 5946
11 86 5988
11 87 6210
11 88 6483
11 89 6667
11 90 6685
11 91 6474
11 92 6604
11 93 6525
11 94 6175
11 95 7409
11 96 6235
12 13 323
12 14 418
12 15 715
12 16 1324
12 17 2224
12 18 2435
12 19 2511
12 20 2393
12 21 2860
12 22 3517
12 23 3453
12 24 3495
12 25 3146
12 26 3960
12 27 4458
12 28 4581
12 29 3006
12 30 3397
12 31 3447
12 32 3522
12 33 2381
12 34 3019
12 35 3308
12 36 3627
12 37 3698
12 38 3788
12 39 3624
12 40 3409
12 41 3501
12 42 3411
12 43 3352
12 44 2794
12 45 2584
12 46 2720
12 47 2808
12 48 2829
12 49 3347
12 50 3332
12 51 4012
12 52 3638
12 53 3653
12 54 3768
12 55 4017
12 56 4613
12 57 4617
12 58 4217
12 59 4986
12 60 4430
12 61 5017
12 62 4910
12 63 4816
12 64 5228
12 65 5517
12 66 5661
12 67 5827
12 68 5892
12 69 5076
12 70 5551
12 71 5778
12 72 5927
12 73 6199
12 74 6704
12 75 6559
12 76 6528
12 77 6925
12 78 7456
12 79 5967
12 80 8430
12 81 6660
12 82 6653
12 83 7071
12 84 7100
12 85 7276
12 86 7323
12 87 7579
12 88 7805
12 89 8034
12 90 8076
12 91 7919
12 92 7705
12 93 7509
12 94 7024
12 95 8260
12 96 6823
13 14 237
13 15 514
13 16 1046
13 17 1920
13 18 2126
13 19 2208
13 20 2092
13 21 2588
13 22 3252
13 23 3232
13 24 3301
13 25 2989
13 26 3708
13 27 4234
13 28 4328
13 29 3297
13 30 3681
13 31 3724
13 32 3789
13 33 2582
13 34 3244
13 35 3533
13 36 3876
13 37 3941
13 38 4009
13 39 3793
13 40 3560
13 41 3637
13 42 3534
13 43 3462
13 44 2961
13 45 2714
13 46 2766
13 47 2794
13 48 2791
13 49 3449
13 50 3391
13 51 4076
13 52 3683
13 53 3669
13 54 3712
13 55 4055
13 56 4603
13 57 4607
13 58 4174
13 59 4922
13 60 4328
13 61 4896
13 62 4780
13 63 4663
13 64 5054
13 65 5290
13 66 5481
13 67 5657
13 68 5723
13 69 5087
13 70 5546
13 71 5692
13 72 5839
13 73 6116
13 74 6629
13 75 6466
13 76 6408
13 77 6816
13 78 7372
13 79 6105
13 80 8569
13 81 6671
13 82 6649
13 83 7081
13 84 7049
13 85 7215
13 86 7264
13 87 7534
13 88 7737
13 89 7986
13 90 8041
13 91 7919
13 92 7563
13 93 7338
13 94 6827
13 95 8056
13 96 6581
14 15 303
14 16 912
14 17 1827
14 18 2043
14 19 2112
14 20 1991
14 21 2443
14 22 3100
14 23 3044
14 24 3097
14 25 2770
14 26 3543
14 27 4048
14 28 4164
14 29 3227
14 30 3600
14 31 3633
14 32 3685
14 33 2426
14 34 3103
14 35 3392
14 36 3754
14 37 3813
14 38 3862
14 39 3612
14 40 3370
14 41 3440
14 42 3332
14 43 3255
14 44 2782
14 45 2518
14 46 2542
14 47 2560
14 48 2555
14 49 3239
14 50 3167
14 51 3853
14 52 3456
14 53 3438
14 54 3476
14 55 3827
14 56 4368
14 57 4372
14 58 3938
14 59 4687
14 60 4096
14 61 4669
14 62 4554
14 63 4444
14 64 4843
14 65 5106
14 66 5272
14 67 5444
14 68 5510
14 69 4854
14 70 5311
14 71 5459
14 72 5606
14 73 5883
14 74 6395
14 75 6234
14 76 6181
14 77 6587
14 78 7139
14 79 5906
14 80 8368
14 81 6438
14 82 6414
14 83 6848
14 84 6813
14 85 6979
14 86 7028
14 87 7298
14 88 7502
14 89 7751
14 90 7805
14 91 7684
14 92 7341
14 93 7126
14 94 6626
14 95 7859
14 96 6409
15 16 652
15 17 1587
15 18 1810
15 19 1866
15 20 1743
15 21 2158
15 22 2809
15 23 2741
15 24 2796
15 25 2475
15 26 3247
15 27 3745
15 28 3868
15 29 3342
15 30 3699
15 31 3719
15 32 3753
15 33 2424
15 34 3119
15 35 3404
15 36 3794
15 37 3844
15 38 3863
15 39 3553
15 40 3294
15 41 3347
15 42 3228
15 43 3138
15 44 2733
15 45 2433
15 46 2376
15 47 2344
15 48 2322
15 49 3114
15 50 3004
15 51 3688
15 52 3278
15 53 3237
15 54 3226
15 55 3641
15 56 4144
15 57 4148
15 58 3694
15 59 4429
15 60 3821
15 61 4385
15 62 4267
15 63 4150
15 64 4544
15 65 4804
15 66 4972
15 67 5146
15 68 5212
15 69 4643
15 70 5088
15 71 5189
15 72 5335
15 73 5614
15 74 6130
15 75 5960
15 76 5896
15 77 6306
15 78 6869
15 79 5798
15 80 8252
15 81 6223
15 82 6189
15 83 6631
15 84 6559
15 85 6720
15 86 6770
15 87 7047
15 88 7240
15 89 7498
15 90 7558
15 91 7459
15 92 7049
15 93 6828
15 94 6324
15 95 7556
15 96 6109
16 17 938
16 18 1163
16 19 1214
16 20 1091
16 21 1542
16 22 2207
16 23 2231
16 24 2349
16 25 2127
16 26 2669
16 27 3221
16 28 3287
16 29 3928
16 30 4265
16 31 4271
16 32 4285
16 33 2886
16 34 3592
16 35 3867
16 36 4291
16 37 4328
16 38 4302
16 39 3898
16 40 3614
16 41 3633
16 42 3494
16 43 3380
16 44 3115
16 45 2763
16 46 2534
16 47 2365
16 48 2285
16 49 3341
16 50 3144
16 51 3806
16 52 3371
16 53 3270
16 54 3094
16 55 3705
16 56 4082
16 57 4086
16 58 3573
16 59 4240
16 60 3561
16 61 4073
16 62 3937
16 63 3771
16 64 4116
16 65 4270
16 66 4529
16 67 4720
16 68 4789
16 69 4613
16 70 5014
16 71 4938
16 72 5078
16 73 5364
16 74 5890
16 75 5683
16 76 5566
16 77 5993
16 78 6602
16 79 6016
16 80 8432
16 81 6163
16 82 6096
16 83 6561
16 84 6362
16 85 6500
16 86 6552
16 87 6856
16 88 7001
16 89 7296
16 90 7381
16 91 7354
16 92 6666
16 93 6391
16 94 5840
16 95 7057
16 96 5546
17 18 229
17 19 289
17 20 182
17 21 845
17 22 1485
17 23 1758
17 24 2006
17 25 2011
17 26 1989
17 27 2640
17 28 2573
17 29 4826
17 30 5145
17 31 5139
17 32 5133
17 33 3694
17 34 4394
17 35 4655
17 36 5106
17 37 5129
17 38 5060
17 39 4566
17 40 4264
17 41 4246
17 42 4090
17 43 3956
17 44 3843
17 45 3455
17 46 3066
17 47 2757
17 48 2616
17 49 3900
17 50 3615
17 51 4216
17 52 3773
17 53 3602
17 54 3214
17 55 4053
17 56 4243
17 57 4246
17 58 3677
17 59 4207
17 60 3454
17 61 3851
17 62 3691
17 63 3449
17 64 3690
17 65 3632
17 66 4059
17 67 4276
17 68 4347
17 69 4795
17 70 5119
17 71 4780
17 72 4904
17 73 5193
17 74 5719
17 75 5460
17 76 5259
17 77 5705
17 78 6371
17 79 6484
17 80 8805
17 81 6252
17 82 6140
17 83 6626
17 84 6244
17 85 6343
17 86 6399
17 87 6736
17 88 6805
17 89 7151
17 90 7269
17 91 7350
17 92 6248
17 93 5889
17 94 5264
17 95 6434
17 96 4825
18 19 147
18 20 169
18 21 802
18 22 1388
18 23 1745
18 24 2025
18 25 2088
18 26 1896
18 27 2570
18 28 2458
18 29 5054
18 30 5372
18 31 5364
18 32 5357
18 33 3915
18 34 4613
18 35 4872
18 36 5326
18 37 5348
18 38 5272
18 39 4765
18 40 4462
18 41 4438
18 42 4279
18 43 4143
18 44 4053
18 45 3662
18 46 3252
18 47 2922
18 48 2772
18 49 4085
18 50 3786
18 51 4373
18 52 3931
18 53 3748
18 54 3321
18 55 4198
18 56 4349
18 57 4352
18 58 3776
18 59 4269
18 60 3506
18 61 3870
18 62 3706
18 63 3446
18 64 3655
18 65 3533
18 66 4009
18 67 4232
18 68 4303
18 69 4902
18 70 5207
18 71 4808
18 72 4927
18 73 5215
18 74 5738
18 75 5468
18 76 5246
18 77 5694
18 78 6372
18 79 6643
18 80 8939
18 81 6331
18 82 6209
18 83 6698
18 84 6273
18 85 6363
18 86 6420
18 87 6764
18 88 6813
18 89 7170
18 90 7296
18 91 7403
18 92 6200
18 93 5819
18 94 5175
18 95 6328
18 96 4692
19 20 126
19 21 656
19 22 1246
19 23 1600
19 24 1884
19 25 1964
19 26 1754
19 27 2425
19 28 2320
19 29 5067
19 30 5376
19 31 5364
19 32 5350
19 33 3900
19 34 4594
19 35 4849
19 36 5309
19 37 5327
19 38 5240
19 39 4716
19 40 4411
19 41 4380
19 42 4219
19 43 4080
19 44 4020
19 45 3623
19 46 3188
19 47 2842
19 48 2686
19 49 4020
19 50 3709
19 51 4285
19 52 3845
19 53 3653
19 54 3207
19 55 4103
19 56 4233
19 57 4235
19 58 3657
19 59 4137
19 60 3372
19 61 3729
19 62 3563
19 63 3301
19 64 3509
19 65 3393
19 66 3863
19 67 4085
19 68 4156
19 69 4786
19 70 5083
19 71 4667
19 72 4786
19 73 5073
19 74 5596
19 75 5324
19 76 5100
19 77 5548
19 78 6227
19 79 6555
19 80 8834
19 81 6203
19 82 6078
19 83 6568
19 84 6133
19 85 6221
19 86 6278
19 87 6622
19 88 6669
19 89 7027
19 90 7155
19 91 7267
19 92 6054
19 93 5674
19 94 5033
19 95 6189
19 96 4561
20 21 684
20 22 1309
20 23 1614
20 24 1881
20 25 1926
20 26 1815
20 27 2473
20 28 2395
20 29 4942
20 30 5253
20 31 5242
20 32 5229
20 33 3781
20 34 4477
20 35 4733
20 36 5191
20 37 5210
20 38 5127
20 39 4611
20 40 4307
20 41 4280
20 42 4120
20 43 3982
20 44 3907
20 45 3513
20 46 3091
20 47 2756
20 48 2605
20 49 3924
20 50 3621
20 51 4205
20 52 3764
20 53 3579
20 54 3155
20 55 4030
20 56 4183
20 57 4185
20 58 3611
20 59 4112
20 60 3352
20 61 3728
20 62 3565
20 63 3313
20 64 3538
20 65 3458
20 66 3901
20 67 4120
20 68 4192
20 69 4736
20 70 5044
20 71 4662
20 72 4784
20 73 5072
20 74 5596
20 75 5331
20 76 5119
20 77 5565
20 78 6238
20 79 6475
20 80 8770
20 81 6170
20 82 6050
20 83 6539
20 84 6128
20 85 6221
20 86 6278
20 87 6619
20 88 6676
20 89 7028
20 90 7151
20 91 7249
20 92 6092
20 93 5724
20 94 5093
20 95 6258
20 96 4644
21 22 671
21 23 946
21 24 1246
21 25 1408
21 26 1159
21 27 1795
21 28 1764
21 29 5092
21 30 5360
21 31 5326
21 32 5283
21 33 3822
21 34 4485
21 35 4716
21 36 5197
21 37 5197
21 38 5063
21 39 4468
21 40 4157
21 41 4098
21 42 3930
21 43 3780
21 44 3852
21 45 3440
21 46 2904
21 47 2488
21 48 2306
21 49 3711
21 50 3352
21 51 3867
21 52 3438
21 53 3214
21 54 2678
21 55 3654
21 56 3688
21 57 3691
21 58 3105
21 59 3526
21 60 2754
21 61 3082
21 62 2915
21 63 2647
21 64 2856
21 65 2799
21 66 3218
21 67 3437
21 68 3508
21 69 4239
21 70 4501
21 71 4024
21 72 4140
21 73 4426
21 74 4947
21 75 4671
21 76 4445
21 77 4892
21 78 5572
21 79 6120
21 80 8319
21 81 5604
21 82 5467
21 83 5959
21 84 5488
21 85 5571
21 86 5628
21 87 5976
21 88 6016
21 89 6377
21 90 6508
21 91 6638
21 92 5408
21 93 5044
21 94 4423
21 95 5603
21 96 4026
22 23 670
22 24 1037
22 25 1432
22 26 508
22 27 1195
22 28 1095
22 29 5583
22 30 5819
22 31 5769
22 32 5704
22 33 4260
22 34 4886
22 35 5093
22 36 5583
22 37 5570
22 38 5395
22 39 4743
22 40 4434
22 41 4346
22 42 4175
22 43 4017
22 44 4216
22 45 3801
22 46 3188
22 47 2717
22 48 2515
22 49 3940
22 50 3538
22 51 3959
22 52 3559
22 53 3297
22 54 2642
22 55 3710
22 56 3584
22 57 3586
22 58 3003
22 59 3272
22 60 2501
22 61 2702
22 62 2526
22 63 2212
22 64 2328
22 65 2149
22 66 2649
22 67 2879
22 68 2950
22 69 4115
22 70 4301
22 71 3644
22 72 3744
22 73 4022
22 74 4526
22 75 4224
22 76 3949
22 77 4398
22 78 5100
22 79 6145
22 80 8200
22 81 5347
22 82 5182
22 83 5674
22 84 5089
22 85 5145
22 86 5203
22 87 5565
22 88 5556
22 89 5941
22 90 6090
22 91 6287
22 92 4834
22 93 4435
22 94 3788
22 95 4950
22 96 3357
23 24 368
23 25 805
23 26 682
23 27 1005
23 28 1232
23 29 5159
23 30 5359
23 31 5295
23 32 5211
23 33 3798
23 34 4382
23 35 4568
23 36 5062
23 37 5038
23 38 4837
23 39 4156
23 40 3851
23 41 3749
23 42 3577
23 43 3418
23 44 3692
23 45 3283
23 46 2628
23 47 2135
23 48 1929
23 49 3338
23 50 2921
23 51 3306
23 52 2917
23 53 2647
23 54 1974
23 55 3051
23 56 2917
23 57 2918
23 58 2335
23 59 2641
23 60 1865
23 61 2142
23 62 1973
23 63 1702
23 64 1938
23 65 2064
23 66 2325
23 67 2532
23 68 2603
23 69 3451
23 70 3655
23 71 3087
23 72 3199
23 73 3485
23 74 4004
23 75 3726
23 76 3505
23 77 3951
23 78 4628
23 79 5477
23 80 7540
23 81 4723
23 82 4570
23 83 5063
23 84 4550
23 85 4628
23 86 4685
23 87 5035
23 88 5070
23 89 5433
23 90 5566
23 91 5714
23 92 4503
23 93 4179
23 94 3610
23 95 4829
23 96 3385
24 25 530
24 26 966
24 27 1050
24 28 1418
24 29 4968
24 30 5142
24 31 5069
24 32 4973
24 33 3593
24 34 4144
24 35 4314
24 36 4807
24 37 4776
24 38 4558
24 39 3860
24 40 3558
24 41 3446
24 42 3275
24 43 3116
24 44 3445
24 45 3043
24 46 2363
24 47 1859
24 48 1652
24 49 3034
24 50 2606
24 51 2959
24 52 2581
24 53 2303
24 54 1612
24 55 2698
24 56 2550
24 57 2551
24 58 1968
24 59 2293
24 60 1517
24 61 1847
24 62 1685
24 63 1453
24 64 1768
24 65 2079
24 66 2185
24 67 2372
24 68 2441
24 69 3085
24 70 3296
24 71 2784
24 72 2903
24 73 3191
24 74 3716
24 75 3455
24 76 3268
24 77 3709
24 78 4366
24 79 5114
24 80 7175
24 81 4375
24 82 4230
24 83 4723
24 84 4249
24 85 4340
24 86 4397
24 87 4739
24 88 4799
24 89 5148
24 90 5272
24 91 5392
24 92 4323
24 93 4047
24 94 3530
24 95 4766
24 96 3423
25 26 1471
25 27 1560
25 28 1947
25 29 4442
25 30 4613
25 31 4540
25 32 4445
25 33 3065
25 34 3615
25 35 3788
25 36 4281
25 37 4252
25 38 4041
25 39 3353
25 40 3049
25 41 2945
25 42 2773
25 43 2614
25 44 2917
25 45 2514
25 46 1838
25 47 1338
25 48 1131
25 49 2534
25 50 2118
25 51 2531
25 52 2128
25 53 1869
25 54 1272
25 55 2291
25 56 2283
25 57 2285
25 58 1701
25 59 2199
25 60 1463
25 61 1946
25 62 1812
25 63 1675
25 64 2088
25 65 2552
25 66 2526
25 67 2683
25 68 2747
25 69 2834
25 70 3120
25 71 2827
25 72 2962
25 73 3251
25 74 3778
25 75 3559
25 76 3443
25 77 3867
25 78 4478
25 79 4746
25 80 6912
25 81 4244
25 82 4130
25 83 4617
25 84 4274
25 85 4395
25 86 4450
25 87 4770
25 88 4886
25 89 5199
25 90 5300
25 91 5345
25 92 4576
25 93 4364
25 94 3911
25 95 5153
25 96 3899
26 27 706
26 28 622
26 29 5834
26 30 6039
26 31 5976
26 32 5892
26 33 4478
26 34 5064
26 35 5249
26 36 5743
26 37 5717
26 38 5511
26 39 4821
26 40 4518
26 41 4409
26 42 4238
26 43 4079
26 44 4374
26 45 3965
26 46 3305
26 47 2808
26 48 2601
26 49 3997
26 50 3571
26 51 3909
26 52 3541
26 53 3259
26 54 2536
26 55 3639
26 56 3396
26 57 3397
26 58 2834
26 59 2981
26 60 2234
26 61 2333
26 62 2156
26 63 1817
26 64 1864
26 65 1643
26 66 2160
26 67 2394
26 68 2465
26 69 3902
26 70 4030
26 71 3259
26 72 3347
26 73 3617
26 74 4108
26 75 3791
26 76 3491
26 77 3938
26 78 4649
26 79 6012
26 80 7948
26 81 5024
26 82 4842
26 83 5330
26 84 4680
26 85 4719
26 86 4777
26 87 5145
26 88 5110
26 89 5506
26 90 5665
26 91 5899
26 92 4338
26 93 3929
26 94 3280
26 95 4446
26 96 2877
27 28 555
27 29 5995
27 30 6149
27 31 6068
27 32 5958
27 33 4614
27 34 5131
27 35 5280
27 36 5769
27 37 5726
27 38 5479
27 39 4750
27 40 4463
27 41 4328
27 42 4162
27 43 4004
27 44 4426
27 45 4037
27 46 3336
27 47 2827
27 48 2625
27 49 3918
27 50 3473
27 51 3687
27 52 3374
27 53 3075
27 54 2297
27 55 3396
27 56 3002
27 57 3003
27 58 2488
27 59 2464
27 60 1783
27 61 1734
27 62 1560
27 63 1201
27 64 1167
27 65 1060
27 66 1456
27 67 1689
27 68 1760
27 69 3462
27 70 3515
27 71 2623
27 72 2698
27 73 2957
27 74 3434
27 75 3108
27 76 2792
27 77 3238
27 78 3951
27 79 5640
27 80 7419
27 81 4439
27 82 4239
27 83 4720
27 84 4011
27 85 4038
27 86 4096
27 87 4467
27 88 4415
27 89 4817
27 90 4982
27 91 5245
27 92 3640
27 93 3251
27 94 2635
27 95 3838
27 96 2389
28 29 6376
28 30 6559
28 31 6487
28 32 6390
28 33 5006
28 34 5560
28 35 5726
28 36 6218
28 37 6183
28 38 5953
28 39 5237
28 40 4943
28 41 4817
28 42 4648
28 43 4489
28 44 4860
28 45 4459
28 46 3774
28 47 3267
28 48 3061
28 49 4404
28 50 3964
28 51 4216
28 52 3887
28 53 3591
28 54 2824
28 55 3929
28 56 3556
28 57 3556
28 58 3036
28 59 3012
28 60 2338
28 61 2261
28 62 2091
28 63 1728
28 64 1597
28 65 1094
28 66 1785
28 67 2027
28 68 2093
28 69 4016
28 70 4060
28 71 3117
28 72 3180
28 73 3425
28 74 3878
28 75 3537
28 76 3178
28 77 3614
28 78 4336
28 79 6194
28 80 7954
28 81 4957
28 82 4748
28 83 5223
28 84 4459
28 85 4464
28 86 4522
28 87 4897
28 88 4804
28 89 5223
28 90 5400
28 91 5707
28 92 3892
28 93 3431
28 94 2743
28 95 3871
28 96 2263
29 30 414
29 31 522
29 32 697
29 33 1382
29 34 1047
29 35 1119
29 36 986
29 37 1108
29 38 1429
29 39 1925
29 40 2012
29 41 2209
29 42 2292
29 43 2395
29 44 1676
29 45 2001
29 46 2713
29 47 3204
29 48 3394
29 49 2469
29 50 2852
29 51 3174
29 52 3133
29 53 3386
29 54 4058
29 55 3408
29 56 4237
29 57 4241
29 58 4248
29 59 4990
29 60 4907
29 61 5516
29 62 5514
29 63 5646
29 64 6166
29 65 6918
29 66 6580
29 67 6629
29 68 6669
29 69 4388
29 70 4892
29 71 5808
29 72 5948
29 73 6120
29 74 6465
29 75 6517
29 76 6741
29 77 6973
29 78 7186
29 79 3954
29 80 6173
29 81 5648
29 82 5783
29 83 6009
29 84 6586
29 85 6829
29 86 6853
29 87 6939
29 88 7338
29 89 7356
29 90 7285
29 91 6840
29 92 7954
29 93 8070
29 94 7921
29 95 9078
29 96 8229
30 31 159
30 32 373
30 33 1563
30 34 1045
30 35 1005
30 36 702
30 37 825
30 38 1182
30 39 1799
30 40 1947
30 41 2141
30 42 2251
30 43 2374
30 44 1742
30 45 2115
30 46 2824
30 47 3328
30 48 3527
30 49 2455
30 50 2870
30 51 3102
30 52 3122
30 53 3395
30 54 4110
30 55 3359
30 56 4180
30 57 4184
30 58 4252
30 59 4959
30 60 4948
30 61 5539
30 62 5552
30 63 5712
30 64 6233
30 65 7033
30 66 6634
30 67 6665
30 68 6701
30 69 4276
30 70 4766
30 71 5755
30 72 5889
30 73 6043
30 74 6356
30 75 6435
30 76 6689
30 77 6893
30 78 7057
30 79 3645
30 80 5803
30 81 5449
30 82 5600
30 83 5795
30 84 6435
30 85 6682
30 86 6703
30 87 6764
30 88 7179
30 89 7168
30 90 7083
30 91 6607
30 92 7882
30 93 8040
30 94 7943
30 95 9067
30 96 8320
31 32 215
31 33 1511
31 34 943
31 35 871
31 36 544
31 37 667
31 38 1025
31 39 1656
31 40 1815
31 41 2007
31 42 2122
31 43 2250
31 44 1647
31 45 2032
31 46 2735
31 47 3242
31 48 3443
31 49 2332
31 50 2754
31 51 2964
31 52 2998
31 53 3275
31 54 4000
31 55 3226
31 56 4044
31 57 4047
31 58 4129
31 59 4827
31 60 4833
31 61 5418
31 62 5435
31 63 5603
31 64 6123
31 65 6937
31 66 6520
31 67 6547
31 68 6581
31 69 4130
31 70 4617
31 71 5617
31 72 5751
31 73 5901
31 74 6209
31 75 6292
31 76 6552
31 77 6750
31 78 6906
31 79 3490
31 80 5663
31 81 5292
31 82 5445
31 83 5637
31 84 6283
31 85 6530
31 86 6550
31 87 6609
31 88 7025
31 89 7012
31 90 6926
31 91 6449
31 92 7740
31 93 7906
31 94 7820
31 95 8936
31 96 8215
32 33 1462
32 34 830
32 35 706
32 36 331
32 37 453
32 38 813
32 39 1465
32 40 1642
32 41 1830
32 42 1953
32 43 2087
32 44 1533
32 45 1931
32 46 2623
32 47 3131
32 48 3335
32 49 2171
32 50 2601
32 51 2780
32 52 2833
32 53 3115
32 54 3853
32 55 3047
32 56 3860
32 57 3863
32 58 3964
32 59 4649
32 60 4679
32 61 5256
32 62 5278
32 63 5456
32 64 5976
32 65 6807
32 66 6366
32 67 6387
32 68 6419
32 69 3932
32 70 4416
32 71 5431
32 72 5563
32 73 5708
32 74 6009
32 75 6098
32 76 6365
32 77 6557
32 78 6702
32 79 3281
32 80 5476
32 81 5080
32 82 5234
32 83 5424
32 84 6076
32 85 6324
32 86 6343
32 87 6399
32 88 6817
32 89 6800
32 90 6713
32 91 6235
32 92 7547
32 93 7723
32 94 7653
32 95 8758
32 96 8073
33 34 706
33 35 984
33 36 1413
33 37 1443
33 38 1440
33 39 1280
33 40 1134
33 41 1286
33 42 1271
33 43 1299
33 44 516
33 45 660
33 46 1350
33 47 1829
33 48 2015
33 49 1345
33 50 1618
33 51 2120
33 52 1940
33 53 2141
33 54 2733
33 55 2280
33 56 3088
33 57 3092
33 58 2985
33 59 3769
33 60 3585
33 61 4209
33 62 4190
33 63 4295
33 64 4813
33 65 5539
33 66 5235
33 67 5300
33 68 5345
33 69 3362
33 70 3881
33 71 4613
33 72 4760
33 73 4966
33 74 5370
33 75 5365
33 76 5528
33 77 5810
33 78 6123
33 79 3655
33 80 6096
33 81 4820
33 82 4897
33 83 5217
33 84 5588
33 85 5815
33 86 5848
33 87 6000
33 88 6347
33 89 6444
33 90 6415
33 91 6082
33 92 6763
33 93 6810
33 94 6600
33 95 7787
33 96 6857
34 35 290
34 36 716
34 37 738
34 38 771
34 39 926
34 40 968
34 41 1165
34 42 1245
34 43 1353
34 44 706
34 45 1102
34 46 1796
34 47 2304
34 48 2507
34 49 1429
34 50 1831
34 51 2128
34 52 2097
34 53 2360
34 54 3066
34 55 2362
34 56 3191
34 57 3195
34 58 3221
34 59 3949
34 60 3906
34 61 4501
34 62 4510
34 63 4667
34 64 5188
34 65 5994
34 66 5590
34 67 5625
34 68 5662
34 69 3350
34 70 3858
34 71 4763
34 72 4902
34 73 5074
34 74 5422
34 75 5470
34 76 5696
34 77 5927
34 78 6149
34 79 3194
34 80 5575
34 81 4665
34 82 4782
34 83 5041
34 84 5560
34 85 5800
34 86 5826
34 87 5929
34 88 6315
34 89 6355
34 90 6296
34 91 5889
34 92 6907
34 93 7031
34 94 6907
34 95 8047
34 96 7276
35 36 494
35 37 482
35 38 484
35 39 810
35 40 944
35 41 1137
35 42 1252
35 43 1382
35 44 878
35 45 1292
35 46 1952
35 47 2459
35 48 2665
35 49 1466
35 50 1896
35 51 2098
35 52 2129
35 53 2410
35 54 3149
35 55 2356
35 56 3176
35 57 3180
35 58 3261
35 59 3956
35 60 3974
35 61 4552
35 62 4573
35 63 4751
35 64 5271
35 65 6110
35 66 5661
35 67 5682
35 68 5715
35 69 3286
35 70 3783
35 71 4751
35 72 4886
35 73 5042
35 74 5366
35 75 5435
35 76 5686
35 77 5894
35 78 6077
35 79 2959
35 80 5314
35 81 4532
35 82 4664
35 83 4897
35 84 5470
35 85 5714
35 86 5738
35 87 5820
35 88 6221
35 89 6238
35 90 6168
35 91 5735
35 92 6881
35 93 7036
35 94 6951
35 95 8066
35 96 7369
36 37 125
36 38 483
36 39 1167
36 40 1374
36 41 1554
36 42 1690
36 43 1832
36 44 1371
36 45 1784
36 46 2445
36 47 2952
36 48 3158
36 49 1918
36 50 2358
36 51 2486
36 52 2569
36 53 2859
36 54 3614
36 55 2761
36 56 3565
36 57 3568
36 58 3697
36 59 4361
36 60 4426
36 61 4990
36 62 5020
36 63 5212
36 64 5730
36 65 6586
36 66 6111
36 67 6122
36 68 6153
36 69 3617
36 70 4096
36 71 5132
36 72 5261
36 73 5400
36 74 5692
36 75 5787
36 76 6064
36 77 6246
36 78 6380
36 79 2970
36 80 5208
36 81 4750
36 82 4905
36 83 5093
36 84 5750
36 85 5998
36 86 6017
36 87 6070
36 88 6489
36 89 6471
36 90 6382
36 91 5906
36 92 7237
36 93 7427
36 94 7378
36 95 8467
36 96 7832
37 38 367
37 39 1079
37 40 1304
37 41 1477
37 42 1619
37 43 1766
37 44 1355
37 45 1769
37 46 2414
37 47 2918
37 48 3125
37 49 1852
37 50 2296
37 51 2396
37 52 2495
37 53 2789
37 54 3551
37 55 2675
37 56 3472
37 57 3476
37 58 3620
37 59 4272
37 60 4356
37 61 4913
37 62 4946
37 63 5145
37 64 5661
37 65 6529
37 66 6038
37 67 6045
37 68 6074
37 69 3513
37 70 3988
37 71 5036
37 72 5164
37 73 5299
37 74 5584
37 75 5684
37 76 5967
37 77 6143
37 78 6268
37 79 2847
37 80 5094
37 81 4630
37 82 4787
37 83 4972
37 84 5636
37 85 5885
37 86 5903
37 87 5952
37 88 6373
37 89 6351
37 90 6262
37 91 5783
37 92 7134
37 93 7332
37 94 7295
37 95 8374
37 96 7765
38 39 756
38 40 1019
38 41 1173
38 42 1329
38 43 1483
38 44 1222
38 45 1626
38 46 2212
38 47 2703
38 48 2910
38 49 1570
38 50 2018
38 51 2057
38 52 2189
38 53 2488
38 54 3262
38 55 2343
38 56 3127
38 57 3131
38 58 3302
38 59 3931
38 60 4049
38 61 4592
38 62 4633
38 63 4845
38 64 5357
38 65 6246
38 66 5725
38 67 5723
38 68 5750
38 69 3152
38 70 3624
38 71 4685
38 72 4811
38 73 4940
38 74 5220
38 75 5325
38 76 5613
38 77 5783
38 78 5902
38 79 2540
38 80 4852
38 81 4268
38 82 4422
38 83 4613
38 84 5269
38 85 5518
38 86 5537
38 87 5587
38 88 6008
38 89 5988
38 90 5901
38 91 5429
38 92 6775
38 93 6981
38 94 6961
38 95 8027
38 96 7461
39 40 311
39 41 424
39 42 589
39 43 748
39 44 833
39 45 1136
39 46 1567
39 47 2028
39 48 2231
39 49 833
39 50 1278
39 51 1320
39 52 1433
39 53 1733
39 54 2511
39 55 1597
39 56 2399
39 57 2402
39 58 2547
39 59 3194
39 60 3294
39 61 3839
39 62 3878
39 63 4090
39 64 4602
39 65 5496
39 66 4970
39 67 4970
39 68 4999
39 69 2479
39 70 2974
39 71 3968
39 72 4099
39 73 4246
39 74 4559
39 75 4637
39 76 4901
39 77 5095
39 78 5268
39 79 2375
39 80 4820
39 81 3742
39 82 3864
39 83 4116
39 84 4661
39 85 4905
39 86 4929
39 87 5017
39 88 5413
39 89 5438
39 90 5375
39 91 4964
39 92 6085
39 93 6262
39 94 6216
39 95 7300
39 96 6706
40 41 197
40 42 316
40 43 466
40 44 633
40 45 862
40 46 1256
40 47 1719
40 48 1924
40 49 552
40 50 1000
40 51 1164
40 52 1195
40 53 1486
40 54 2250
40 55 1412
40 56 2236
40 57 2240
40 58 2325
40 59 3012
40 60 3053
40 61 3618
40 62 3646
40 63 3842
40 64 4358
40 65 5232
40 66 4738
40 67 4750
40 68 4781
40 69 2383
40 70 2892
40 71 3811
40 72 3947
40 73 4112
40 74 4455
40 75 4507
40 76 4746
40 77 4964
40 78 5181
40 79 2561
40 80 5021
40 81 3739
40 82 3841
40 83 4126
40 84 4597
40 85 4836
40 86 4863
40 87 4976
40 88 5355
40 89 5408
40 90 5360
40 91 4986
40 92 5948
40 93 6093
40 94 6012
40 95 7122
40 96 6462
41 42 172
41 43 331
41 44 773
41 45 924
41 46 1198
41 47 1631
41 48 1831
41 49 413
41 50 855
41 51 967
41 52 1019
41 53 1316
41 54 2090
41 55 1219
41 56 2041
41 57 2045
41 58 2144
41 59 2820
41 60 2880
41 61 3437
41 62 3470
41 63 3674
41 64 4187
41 65 5074
41 66 4562
41 67 4569
41 68 4599
41 69 2187
41 70 2698
41 71 3616
41 72 3752
41 73 3915
41 74 4258
41 75 4310
41 76 4550
41 77 4768
41 78 4986
41 79 2469
41 80 4933
41 81 3558
41 82 3655
41 83 3949
41 84 4404
41 85 4642
41 86 4670
41 87 4786
41 88 5162
41 89 5220
41 90 5175
41 91 4810
41 92 5752
41 93 5900
41 94 5826
41 95 6930
41 96 6292
42 43 160
42 44 757
42 45 828
42 46 1033
42 47 1460
42 48 1660
42 49 245
42 50 691
42 51 891
42 52 881
42 53 1170
42 54 1936
42 55 1117
42 56 1946
42 57 1950
42 58 2012
42 59 2710
42 60 2738
42 61 3304
42 62 3331
42 63 3527
42 64 4042
42 65 4919
42 66 4422
42 67 4436
42 68 4467
42 69 2132
42 70 2648
42 71 3519
42 72 3657
42 73 3830
42 74 4189
42 75 4227
42 76 4452
42 77 4683
42 78 4925
42 79 2574
42 80 5036
42 81 3550
42 82 3634
42 83 3946
42 84 4358
42 85 4592
42 86 4622
42 87 4752
42 88 5117
42 89 5191
42 90 5154
42 91 4811
42 92 5662
42 93 5793
42 94 5701
42 95 6817
42 96 6146
43 44 797
43 45 785
43 46 892
43 47 1304
43 48 1503
43 49 87
43 50 535
43 51 824
43 52 749
43 53 1029
43 54 1785
43 55 1019
43 56 1848
43 57 1852
43 58 1880
43 59 2597
43 60 2596
43 61 3170
43 62 3192
43 63 3381
43 64 3898
43 65 4767
43 66 4282
43 67 4300
43 68 4333
43 69 2070
43 70 2589
43 71 3414
43 72 3555
43 73 3736
43 74 4109
43 75 4135
43 76 4346
43 77 4588
43 78 4852
43 79 2661
43 80 5117
43 81 3527
43 82 3599
43 83 3928
43 84 4298
43 85 4529
43 86 4560
43 87 4703
43 88 5057
43 89 5146
43 90 5117
43 91 4795
43 92 5563
43 93 5679
43 94 5571
43 95 6698
43 96 6001
44 45 415
44 46 1091
44 47 1600
44 48 1803
44 49 852
44 50 1185
44 51 1621
44 52 1486
44 53 1719
44 54 2385
44 55 1802
44 56 2624
44 57 2628
44 58 2579
44 59 3340
44 60 3232
44 61 3840
44 62 3839
44 63 3980
44 64 4501
44 65 5292
44 66 4909
44 67 4954
44 68 4994
44 69 2867
44 70 3385
44 71 4174
44 72 4318
44 73 4511
44 74 4898
44 75 4910
44 76 5099
44 77 5360
44 78 5644
44 79 3186
44 80 5642
44 81 4306
44 82 4388
44 83 4702
44 84 5095
44 85 5325
44 86 5357
44 87 5499
44 88 5854
44 89 5940
44 90 5907
44 91 5567
44 92 6326
44 93 6409
44 94 6246
44 95 7407
44 96 6581
45 46 714
45 47 1215
45 48 1413
45 49 800
45 50 980
45 51 1554
45 52 1312
45 53 1491
45 54 2076
45 55 1671
45 56 2457
45 57 2461
45 58 2327
45 59 3116
45 60 2929
45 61 3550
45 62 3534
45 63 3650
45 64 4169
45 65 4926
45 66 4587
45 67 4647
45 68 4690
45 69 2772
45 70 3289
45 71 3962
45 72 4110
45 73 4322
45 74 4739
45 75 4720
45 76 4873
45 77 5162
45 78 5497
45 79 3392
45 80 5856
45 81 4283
45 82 4337
45 83 4688
45 84 4983
45 85 5204
45 86 5240
45 87 5411
45 88 5739
45 89 5860
45 90 5846
45 91 5555
45 92 6109
45 93 6151
45 94 5945
45 95 7129
45 96 6230
46 47 509
46 48 714
46 49 834
46 50 629
46 51 1314
46 52 919
46 53 965
46 54 1399
46 55 1298
46 56 1961
46 57 1965
46 58 1712
46 59 2519
46 60 2246
46 61 2875
46 62 2847
46 63 2945
46 64 3463
46 65 4213
46 66 3885
46 67 3954
46 68 4000
46 69 2375
46 70 2869
46 71 3367
46 72 3518
46 73 3751
46 74 4203
46 75 4144
46 76 4253
46 77 4572
46 78 4967
46 79 3483
46 80 5907
46 81 3950
46 82 3961
46 83 4361
46 84 4508
46 85 4713
46 86 4753
46 87 4962
46 88 5250
46 89 5418
46 90 5431
46 91 5218
46 92 5492
46 93 5494
46 94 5254
46 95 6451
46 96 5517
47 48 208
47 49 1230
47 50 870
47 51 1466
47 52 1023
47 53 908
47 54 1025
47 55 1341
47 56 1810
47 57 1814
47 58 1428
47 59 2226
47 60 1835
47 61 2468
47 62 2420
47 63 2485
47 64 2997
47 65 3715
47 66 3427
47 67 3511
47 68 3560
47 69 2299
47 70 2752
47 71 3059
47 72 3210
47 73 3463
47 74 3944
47 75 3845
47 76 3905
47 77 4253
47 78 4707
47 79 3728
47 80 6090
47 81 3881
47 82 3856
47 83 4290
47 84 4304
47 85 4491
47 86 4536
47 87 4778
47 88 5025
47 89 5234
47 90 5270
47 91 5125
47 92 5138
47 93 5093
47 94 4810
47 95 6023
47 96 5028
48 49 1427
48 50 1047
48 51 1602
48 52 1160
48 53 998
48 54 947
48 55 1446
48 56 1825
48 57 1828
48 58 1388
48 59 2166
48 60 1712
48 61 2343
48 62 2283
48 63 2325
48 64 2832
48 65 3525
48 66 3266
48 67 3359
48 68 3411
48 69 2338
48 70 2768
48 71 2983
48 72 3134
48 73 3395
48 74 3887
48 75 3770
48 76 3805
48 77 4166
48 78 4646
48 79 3872
48 80 6206
48 81 3908
48 82 3868
48 83 4314
48 84 4271
48 85 4449
48 86 4496
48 87 4751
48 88 4980
48 89 5206
48 90 5252
48 91 5137
48 92 5031
48 93 4963
48 94 4656
48 95 5877
48 96 4845
49 50 449
49 51 776
49 52 669
49 53 945
49 54 1699
49 55 953
49 56 1780
49 57 1784
49 58 1798
49 59 2521
49 60 2511
49 61 3087
49 62 3108
49 63 3295
49 64 3812
49 65 4680
49 66 4197
49 67 4217
49 68 4250
49 69 2019
49 70 2538
49 71 3343
49 72 3484
49 73 3669
49 74 4048
49 75 4068
49 76 4274
49 77 4520
49 78 4793
49 79 2688
49 80 5139
49 81 3493
49 82 3559
49 83 3896
49 84 4246
49 85 4475
49 86 4507
49 87 4655
49 88 5005
49 89 5100
49 90 5075
49 91 4763
49 92 5493
49 93 5603
49 94 5489
49 95 6619
49 96 5915
50 51 686
50 52 335
50 53 535
50 54 1256
50 55 711
50 56 1477
50 57 1481
50 58 1396
50 59 2158
50 60 2080
50 61 2671
50 62 2682
50 63 2856
50 64 3375
50 65 4234
50 66 3767
50 67 3795
50 68 3832
50 69 1815
50 70 2327
50 71 2997
50 72 3143
50 73 3348
50 74 3759
50 75 3747
50 76 3918
50 77 4192
50 78 4517
50 79 2885
50 80 5289
50 81 3366
50 82 3398
50 83 3776
50 84 4009
50 85 4228
50 86 4264
50 87 4444
50 88 4764
50 89 4897
50 90 4892
50 91 4639
50 92 5149
50 93 5224
50 94 5077
50 95 6227
50 96 5476
51 52 444
51 53 662
51 54 1393
51 55 303
51 56 1081
51 57 1084
51 58 1285
51 59 1877
51 60 2056
51 61 2553
51 62 2610
51 63 2860
51 64 3354
51 65 4301
51 66 3696
51 67 3678
51 68 3702
51 69 1247
51 70 1765
51 71 2654
51 72 2788
51 73 2949
51 74 3299
51 75 3344
51 76 3588
51 77 3801
51 78 4035
51 79 2270
51 80 4629
51 81 2730
51 82 2787
51 83 3136
51 84 3475
51 85 3707
51 86 3738
51 87 3881
51 88 4234
51 89 4325
51 90 4301
51 91 4002
51 92 4786
51 93 4944
51 94 4905
51 95 5981
51 96 5446
52 53 304
52 54 1091
52 55 383
52 56 1149
52 57 1153
52 58 1132
52 59 1858
52 60 1862
52 61 2424
52 62 2452
52 63 2657
52 64 3169
52 65 4068
52 66 3544
52 67 3555
52 68 3588
52 69 1482
52 70 1992
52 71 2688
52 72 2832
52 73 3029
52 74 3432
52 75 3428
52 76 3615
52 77 3876
52 78 4187
52 79 2712
52 80 5069
52 81 3041
52 82 3067
52 83 3452
52 84 3675
52 85 3894
52 86 3930
52 87 4109
52 88 4430
52 89 4562
52 90 4558
52 91 4313
52 92 4841
52 93 4937
52 94 4823
52 95 5951
52 96 5274
53 54 787
53 55 451
53 56 998
53 57 1002
53 58 862
53 59 1629
53 60 1568
53 61 2144
53 62 2164
53 63 2359
53 64 2873
53 65 3765
53 66 3253
53 67 3272
53 68 3307
53 69 1423
53 70 1908
53 71 2472
53 72 2620
53 73 2833
53 74 3262
53 75 3231
53 76 3388
53 77 3671
53 78 4024
53 79 2909
53 80 5210
53 81 3007
53 82 3005
53 83 3419
53 84 3547
53 85 3755
53 86 3795
53 87 3998
53 88 4293
53 89 4454
53 90 4467
53 91 4268
53 92 4622
53 93 4690
53 94 4549
53 95 5693
53 96 4977
54 55 1109
54 56 1029
54 57 1032
54 58 480
54 59 1220
54 60 853
54 61 1478
54 62 1459
54 63 1604
54 64 2124
54 65 2985
54 66 2526
54 67 2573
54 68 2615
54 69 1582
54 70 1929
54 71 2038
54 72 2190
54 73 2449
54 74 2941
54 75 2826
54 76 2882
54 77 3229
54 78 3700
54 79 3503
54 80 5642
54 81 3077
54 82 3003
54 83 3471
54 84 3338
54 85 3509
54 86 3557
54 87 3823
54 88 4038
54 89 4275
54 90 4332
54 91 4262
54 92 4116
54 93 4096
54 94 3869
54 95 5056
54 96 4221
55 56 831
55 57 834
55 58 983
55 59 1602
55 60 1754
55 61 2256
55 62 2310
55 63 2557
55 64 3053
55 65 3998
55 66 3398
55 67 3384
55 68 3409
55 69 1106
55 70 1620
55 71 2402
55 72 2541
55 73 2718
55 74 3096
55 75 3116
55 76 3336
55 77 3570
55 78 3845
55 79 2466
55 80 4760
55 81 2659
55 82 2687
55 83 3070
55 84 3314
55 85 3538
55 86 3572
55 87 3740
55 88 4071
55 89 4191
55 90 4183
55 91 3931
55 92 4547
55 93 4681
55 94 4621
55 95 5712
55 96 5146
56 57 5
56 58 586
56 59 812
56 60 1225
56 61 1568
56 62 1664
56 63 1973
56 64 2417
56 65 3416
56 66 2708
56 67 2658
56 68 2674
56 69 554
56 70 945
56 71 1575
56 72 1712
56 73 1889
56 74 2283
56 75 2288
56 76 2510
56 77 2741
56 78 3040
56 79 2638
56 80 4636
56 81 2086
56 82 2047
56 83 2490
56 84 2549
56 85 2759
56 86 2798
56 87 3002
56 88 3297
56 89 3458
56 90 3477
56 91 3317
56 92 3717
56 93 3864
56 94 3846
56 95 4903
56 96 4458
57 58 588
57 59 809
57 60 1224
57 61 1566
57 62 1663
57 63 1972
57 64 2416
57 65 3415
57 66 2706
57 67 2656
57 68 2672
57 69 551
57 70 941
57 71 1572
57 72 1708
57 73 1885
57 74 2279
57 75 2284
57 76 2506
57 77 2737
57 78 3036
57 79 2638
57 80 4634
57 81 2082
57 82 2043
57 83 2487
57 84 2545
57 85 2755
57 86 2794
57 87 2998
57 88 3293
57 89 3454
57 90 3473
57 91 3313
57 92 3713
57 93 3861
57 94 3844
57 95 4899
57 96 4456
58 59 809
58 60 774
58 61 1294
58 62 1333
58 63 1576
58 64 2071
58 65 3021
58 66 2425
58 67 2426
58 68 2457
58 69 1134
58 70 1452
58 71 1656
58 72 1807
58 73 2046
58 74 2517
58 75 2436
58 76 2549
58 77 2860
58 78 3281
58 79 3180
58 80 5222
58 81 2598
58 82 2523
58 83 2991
58 84 2884
58 85 3065
58 86 3111
58 87 3364
58 88 3598
58 89 3818
58 90 3867
58 91 3784
58 92 3787
58 93 3831
58 94 3691
58 95 4831
58 96 4168
59 60 777
59 61 821
59 62 957
59 63 1310
59 64 1681
59 65 2696
59 66 1925
59 67 1857
59 68 1869
59 69 1064
59 70 1054
59 71 849
59 72 1000
59 73 1239
59 74 1722
59 75 1627
59 76 1761
59 77 2054
59 78 2482
59 79 3266
59 80 4971
59 81 2083
59 82 1942
59 83 2433
59 84 2132
59 85 2293
59 86 2342
59 87 2623
59 88 2819
59 89 3071
59 90 3143
59 91 3147
59 92 2994
59 93 3083
59 94 3035
59 95 4110
59 96 3665
60 61 634
60 62 607
60 63 804
60 64 1309
60 65 2248
60 66 1688
60 67 1723
60 68 1763
60 69 1684
60 70 1804
60 71 1378
60 72 1520
60 73 1805
60 74 2329
60 75 2140
60 76 2109
60 77 2496
60 78 3052
60 79 3858
60 80 5717
60 81 2859
60 82 2714
60 83 3207
60 84 2812
60 85 2940
60 86 2994
60 87 3308
60 88 3441
60 89 3741
60 90 3838
60 91 3898
60 92 3323
60 93 3260
60 94 3017
60 95 4206
60 96 3413
61 62 178
61 63 534
61 64 861
61 65 1876
61 66 1147
61 67 1133
61 68 1164
61 69 1885
61 70 1822
61 71 946
61 72 1058
61 73 1345
61 74 1869
61 75 1620
61 76 1513
61 77 1925
61 78 2538
61 79 4086
61 80 5693
61 81 2706
61 82 2513
61 83 2999
61 84 2408
61 85 2494
61 86 2550
61 87 2895
61 88 2959
61 89 3301
61 90 3427
61 91 3586
61 92 2704
61 93 2626
61 94 2407
61 95 3579
61 96 2900
62 63 364
62 64 755
62 65 1756
62 66 1093
62 67 1116
62 68 1157
62 69 2015
62 70 1980
62 71 1120
62 72 1227
62 73 1512
62 74 2033
62 75 1772
62 76 1633
62 77 2057
62 78 2688
62 79 4220
62 80 5863
62 81 2882
62 82 2690
62 83 3176
62 84 2578
62 85 2658
62 86 2715
62 87 3063
62 88 3115
62 89 3464
62 90 3594
62 91 3762
62 92 2798
62 93 2681
62 94 2411
62 95 3607
62 96 2837
63 64 522
63 65 1450
63 66 942
63 67 1043
63 68 1100
63 69 2358
63 70 2342
63 71 1442
63 72 1534
63 73 1810
63 74 2317
63 75 2027
63 76 1815
63 77 2258
63 78 2927
63 79 4563
63 80 6226
63 81 3239
63 82 3041
63 83 3525
63 84 2878
63 85 2938
63 86 2996
63 87 3354
63 88 3370
63 89 3739
63 90 3882
63 91 4084
63 92 2903
63 93 2704
63 94 2332
63 95 3560
63 96 2621
64 65 1017
64 66 442
64 67 604
64 68 673
64 69 2744
64 70 2647
64 71 1551
64 72 1597
64 73 1832
64 74 2283
64 75 1948
64 76 1627
64 77 2075
64 78 2786
64 79 4941
64 80 6439
64 81 3413
64 82 3189
64 83 3651
64 84 2864
64 85 2878
64 86 2936
64 87 3309
64 88 3248
64 89 3652
64 90 3820
64 91 4110
64 92 2566
64 93 2284
64 94 1841
64 95 3080
64 96 2105
65 66 924
65 67 1139
65 68 1190
65 69 3760
65 70 3656
65 71 2496
65 72 2511
65 73 2701
65 74 3071
65 75 2709
65 76 2285
65 77 2687
65 78 3405
65 79 5958
65 80 7379
65 81 4350
65 82 4110
65 83 4547
65 84 3644
65 85 3602
65 86 3658
65 87 4034
65 88 3871
65 89 4307
65 90 4505
65 91 4897
65 92 2830
65 93 2343
65 94 1649
65 95 2805
65 96 1347
66 67 242
66 68 310
66 69 2971
66 70 2800
66 71 1590
66 72 1594
66 73 1777
66 74 2157
66 75 1800
66 76 1403
66 77 1831
66 78 2555
66 79 5134
66 80 6458
66 81 3431
66 82 3188
66 83 3623
66 84 2735
66 85 2710
66 86 2767
66 87 3144
66 88 3023
66 89 3447
66 90 3633
66 91 3990
66 92 2192
66 93 1863
66 94 1400
66 95 2638
66 96 1754
67 68 72
67 69 2879
67 70 2670
67 71 1427
67 72 1413
67 73 1575
67 74 1932
67 75 1572
67 76 1164
67 77 1590
67 78 2314
67 79 5012
67 80 6262
67 81 3241
67 82 2993
67 83 3417
67 84 2507
67 85 2476
67 86 2532
67 87 2909
67 88 2782
67 89 3207
67 90 3394
67 91 3762
67 92 1973
67 93 1683
67 94 1301
67 95 2520
67 96 1811
68 69 2882
68 70 2660
68 71 1407
68 72 1386
68 73 1537
68 74 1882
68 75 1520
68 76 1104
68 77 1526
68 78 2250
68 79 5003
68 80 6223
68 81 3207
68 82 2957
68 83 3376
68 84 2454
68 85 2418
68 86 2474
68 87 2851
68 88 2718
68 89 3145
68 90 3334
68 91 3708
68 92 1902
68 93 1617
68 94 1255
68 95 2466
68 96 1807
69 70 520
69 71 1592
69 72 1698
69 73 1795
69 74 2081
69 75 2174
69 76 2490
69 77 2632
69 78 2799
69 79 2206
69 80 4092
69 81 1585
69 82 1588
69 83 1996
69 84 2229
69 85 2461
69 86 2491
69 87 2640
69 88 2988
69 89 3089
69 90 3078
69 91 2846
69 92 3624
69 93 3865
69 94 3962
69 95 4920
69 96 4688
70 71 1277
70 72 1350
70 73 1383
70 74 1598
70 75 1735
70 76 2101
70 77 2185
70 78 2295
70 79 2344
70 80 3919
70 81 1149
70 82 1104
70 83 1549
70 84 1711
70 85 1946
70 86 1975
70 87 2122
70 88 2470
70 89 2572
70 90 2567
70 91 2373
70 92 3172
70 93 3463
70 94 3639
70 95 4519
70 96 4452
71 72 152
71 73 427
71 74 953
71 75 788
71 76 935
71 77 1205
71 78 1681
71 79 3614
71 80 4894
71 81 1864
71 82 1639
71 83 2107
71 84 1466
71 85 1570
71 86 1625
71 87 1957
71 88 2064
71 89 2376
71 90 2490
71 91 2644
71 92 2153
71 93 2297
71 94 2377
71 95 3346
71 96 3179
72 73 290
72 74 818
72 75 636
72 76 803
72 77 1055
72 78 1534
72 79 3671
72 80 4869
72 81 1839
72 82 1602
72 83 2055
72 84 1351
72 85 1440
72 86 1496
72 87 1837
72 88 1925
72 89 2248
72 90 2369
72 91 2552
72 92 2010
72 93 2174
72 94 2290
72 95 3226
72 96 3129
73 74 529
73 75 400
73 76 722
73 77 853
73 78 1257
73 79 3639
73 80 4688
73 81 1674
73 82 1421
73 83 1846
73 84 1068
73 85 1151
73 86 1207
73 87 1551
73 88 1637
73 89 1958
73 90 2082
73 91 2288
73 92 1840
73 93 2082
73 94 2296
73 95 3138
73 96 3206
74 75 365
74 76 834
74 77 657
74 78 766
74 79 3655
74 80 4398
74 81 1492
74 82 1222
74 83 1550
74 84 582
74 85 625
74 86 682
74 87 1039
74 88 1113
74 89 1433
74 90 1566
74 91 1836
74 92 1598
74 93 1989
74 94 2376
74 95 3017
74 96 3383
75 76 479
75 77 459
75 78 920
75 79 3915
75 80 4757
75 81 1817
75 82 1549
75 83 1905
75 84 936
75 85 931
75 86 989
75 87 1362
75 88 1346
75 89 1718
75 90 1875
75 91 2191
75 92 1451
75 93 1744
75 94 2055
75 95 2794
75 96 3037
76 77 450
76 78 1162
76 79 4352
76 80 5232
76 81 2293
76 82 2026
76 83 2382
76 84 1377
76 85 1318
76 86 1373
76 87 1750
76 88 1628
76 89 2046
76 90 2231
76 91 2619
76 92 1239
76 93 1375
76 94 1592
76 95 2430
76 96 2558
77 78 724
77 79 4310
77 80 4962
77 81 2137
77 82 1869
77 83 2151
77 84 1073
77 85 954
77 86 1004
77 87 1369
77 88 1193
77 89 1622
77 90 1819
77 91 2263
77 92 992
77 93 1333
77 94 1756
77 95 2367
77 96 2800
78 79 4117
78 80 4411
78 81 1859
78 82 1616
78 83 1739
78 84 685
78 85 444
78 86 460
78 87 733
78 88 469
78 89 904
78 90 1112
78 91 1630
78 92 1159
78 93 1724
78 94 2322
78 95 2628
78 96 3403
79 80 2465
79 81 2259
79 82 2504
79 83 2465
79 84 3433
79 85 3676
79 86 3671
79 87 3572
79 88 4043
79 89 3874
79 90 3724
79 91 3132
79 92 5217
79 93 5642
79 94 5935
79 95 6668
79 96 6793
80 81 3032
80 82 3271
80 83 2855
80 84 3890
80 85 4032
80 86 3991
80 87 3680
80 88 4074
80 89 3683
80 90 3451
80 91 2807
80 92 5533
80 93 6131
80 94 6707
80 95 6940
80 96 7761
81 82 270
81 83 412
81 84 1177
81 85 1418
81 86 1412
81 87 1350
81 88 1807
81 89 1723
81 90 1637
81 91 1274
81 92 2979
81 93 3454
81 94 3865
81 95 4446
81 96 4849
82 83 494
82 84 932
82 85 1179
82 86 1179
82 87 1166
82 88 1604
82 89 1574
82 90 1521
82 91 1270
82 92 2721
82 93 3188
82 94 3597
82 95 4185
82 96 4583
83 84 1099
83 85 1302
83 86 1280
83 87 1114
83 88 1587
83 89 1420
83 90 1297
83 91 868
83 92 2893
83 93 3420
83 94 3905
83 95 4365
83 96 4930
84 85 253
84 86 268
84 87 496
84 88 760
84 89 939
84 90 1027
84 91 1256
84 92 1810
84 93 2322
84 94 2825
84 95 3282
84 96 3872
85 86 59
85 87 435
85 88 538
85 89 808
85 90 946
85 91 1311
85 92 1592
85 93 2130
85 94 2676
85 95 3064
85 96 3740
86 87 378
86 88 500
86 89 752
86 90 888
86 91 1260
86 92 1615
86 93 2163
86 94 2718
86 95 3087
86 96 3786
87 88 474
87 89 457
87 90 533
87 91 903
87 92 1867
87 93 2453
87 94 3050
87 95 3319
87 96 4127
88 89 448
88 90 672
88 91 1268
88 92 1462
88 93 2076
88 94 2730
88 95 2882
88 96 3816
89 90 235
89 91 893
89 92 1879
89 93 2504
89 94 3172
89 95 3258
89 96 4259
90 91 675
90 92 2114
90 93 2738
90 94 3401
90 95 3490
90 96 4488
91 92 2728
91 93 3334
91 94 3951
91 95 4141
91 96 5030
92 93 636
92 94 1370
92 95 1473
92 96 2439
93 94 765
93 95 1057
93 96 1809
94 95 1243
94 96 1088
95 96 1744
